object FrmListaUsuarios: TFrmListaUsuarios
  Left = 0
  Top = 0
  Caption = 'FrmListaUsuarios'
  ClientHeight = 480
  ClientWidth = 640
  FormFactor.Width = 320
  FormFactor.Height = 480
  FormFactor.Devices = [Desktop]
  DesignerMasterStyle = 0
  object Layout1: TLayout
    Align = Client
    Padding.Left = 2.000000000000000000
    Padding.Top = 2.000000000000000000
    Padding.Right = 2.000000000000000000
    Padding.Bottom = 2.000000000000000000
    Margins.Left = 3.000000000000000000
    Margins.Top = 3.000000000000000000
    Margins.Right = 3.000000000000000000
    Margins.Bottom = 3.000000000000000000
    Size.Width = 634.000000000000000000
    Size.Height = 474.000000000000000000
    Size.PlatformDefault = False
    TabOrder = 0
    object Layout2: TLayout
      Align = Top
      Padding.Left = 2.000000000000000000
      Padding.Top = 2.000000000000000000
      Padding.Right = 2.000000000000000000
      Padding.Bottom = 2.000000000000000000
      Position.X = 2.000000000000000000
      Position.Y = 2.000000000000000000
      Size.Width = 630.000000000000000000
      Size.Height = 50.000000000000000000
      Size.PlatformDefault = False
      TabOrder = 2
      object BtnSair: TButton
        Align = Left
        Position.X = 2.000000000000000000
        Position.Y = 2.000000000000000000
        Size.Width = 80.000000000000000000
        Size.Height = 46.000000000000000000
        Size.PlatformDefault = False
        StyleLookup = 'arrowlefttoolbutton'
        TabOrder = 1
        Text = 'Sair'
        TextSettings.Trimming = None
      end
      object Button1: TButton
        Align = Right
        Position.X = 548.000000000000000000
        Position.Y = 2.000000000000000000
        Size.Width = 80.000000000000000000
        Size.Height = 46.000000000000000000
        Size.PlatformDefault = False
        StyleLookup = 'additembutton'
        TabOrder = 0
        Text = 'Sair'
        TextSettings.Trimming = None
      end
    end
    object Layout5: TLayout
      Align = Bottom
      Position.X = 2.000000000000000000
      Position.Y = 422.000000000000000000
      Size.Width = 630.000000000000000000
      Size.Height = 50.000000000000000000
      Size.PlatformDefault = False
      TabOrder = 1
    end
    object Layout3: TLayout
      Align = Client
      Padding.Left = 2.000000000000000000
      Padding.Top = 2.000000000000000000
      Padding.Right = 2.000000000000000000
      Padding.Bottom = 2.000000000000000000
      Margins.Left = 3.000000000000000000
      Margins.Top = 3.000000000000000000
      Margins.Right = 3.000000000000000000
      Margins.Bottom = 3.000000000000000000
      Size.Width = 624.000000000000000000
      Size.Height = 364.000000000000000000
      Size.PlatformDefault = False
      TabOrder = 0
      object ListView1: TListView
        ItemAppearanceClassName = 'TListItemRightDetailAppearance'
        ItemEditAppearanceClassName = 'TListItemRightDetailDeleteAppearance'
        HeaderAppearanceClassName = 'TListHeaderObjects'
        FooterAppearanceClassName = 'TListHeaderObjects'
        Align = Client
        Size.Width = 620.000000000000000000
        Size.Height = 360.000000000000000000
        Size.PlatformDefault = False
        TabOrder = 0
        SearchVisible = True
      end
    end
  end
end
